#trial:  1; #iteration:    5; time(s): 0.11; convergence: TRUE; loglikelihood: 0.0000
#trial:  2; #iteration:    5; time(s): 0.00; convergence: TRUE; loglikelihood: -0.0000
#trial:  3; #iteration:    4; time(s): 0.00; convergence: TRUE; loglikelihood: 0.0000
#trial:  4; #iteration:    5; time(s): 0.00; convergence: TRUE; loglikelihood: -0.0000
#trial:  5; #iteration:    4; time(s): 0.00; convergence: TRUE; loglikelihood: 0.0000
#trial:  6; #iteration:    5; time(s): 0.00; convergence: TRUE; loglikelihood: -0.0000
#trial:  7; #iteration:    5; time(s): 0.00; convergence: TRUE; loglikelihood: 0.0000
#trial:  8; #iteration:    5; time(s): 0.00; convergence: TRUE; loglikelihood: 0.0000
#trial:  9; #iteration:    5; time(s): 0.00; convergence: TRUE; loglikelihood: 0.0000
#trial: 10; #iteration:    5; time(s): 0.00; convergence: TRUE; loglikelihood: -0.0000
An object of class "EstimatedParameters"
Slot "sampleList":
 [1] "10AA" "1AA"  "2AA"  "3AA"  "4AA"  "5AA"  "6AA"  "7AA"  "8AA"  "9AA" 

Slot "signatureNum":
[1] 13

Slot "isBackGround":
[1] FALSE

Slot "signatureFeatureDistribution":
, , 1

      [,1] [,2] [,3] [,4] [,5] [,6]
 [1,]    0    0    0    0    0    0
 [2,]    0    1    1    0    0    0
 [3,]    0    1    1    0    0    0
 [4,]    0    1    1    0    0    0
 [5,]    0    1    1    0    0    0
 [6,]    0    0    0    0    0    0
 [7,]    0    1    1    1    1    0
 [8,]    0    0    0    0    0    0
 [9,]    0    1    1    1    1    0
[10,]    0    0    0    0    0    0
[11,]    0    1    1    0    0    0
[12,]    1    0    0    1    1    0
[13,]    0    1    1    1    1    0

, , 2

      [,1] [,2] [,3] [,4] [,5] [,6]
 [1,]    0    0    0    1    1    1
 [2,]    0    0    0    1    1    1
 [3,]    0    0    0    1    1    1
 [4,]    0    0    0    0    0    1
 [5,]    0    0    0    0    0    1
 [6,]    0    0    0    1    1    1
 [7,]    1    0    0    0    0    1
 [8,]    0    0    0    1    1    1
 [9,]    1    0    0    0    0    1
[10,]    0    0    0    0    0    1
[11,]    0    0    0    1    1    1
[12,]    0    1    1    0    0    1
[13,]    1    0    0    0    0    1

, , 3

      [,1] [,2] [,3] [,4] [,5] [,6]
 [1,]    1    1    1    0    0    0
 [2,]    1    0    0    0    0    0
 [3,]    0    0    0    0    0    0
 [4,]    0    0    0    0    0    0
 [5,]    0    0    0    0    0    0
 [6,]    1    0    0    0    0    0
 [7,]    0    0    0    0    0    0
 [8,]    1    0    0    0    0    0
 [9,]    0    0    0    0    0    0
[10,]    1    1    1    1    1    0
[11,]    0    0    0    0    0    0
[12,]    0    0    0    0    0    0
[13,]    0    0    0    0    0    0

, , 4

              [,1] [,2] [,3] [,4] [,5] [,6]
 [1,] 0.000000e+00    0    0    0    0    0
 [2,] 2.187912e-34    0    0    0    0    0
 [3,] 0.000000e+00    0    0    0    0    0
 [4,] 1.000000e+00    0    0    1    1    0
 [5,] 1.000000e+00    0    0    1    1    0
 [6,] 0.000000e+00    1    1    0    0    0
 [7,] 0.000000e+00    0    0    0    0    0
 [8,] 0.000000e+00    1    1    0    0    0
 [9,] 0.000000e+00    0    0    0    0    0
[10,] 0.000000e+00    0    0    0    0    0
[11,] 1.000000e+00    0    0    0    0    0
[12,] 0.000000e+00    0    0    0    0    0
[13,] 0.000000e+00    0    0    0    0    0

, , 5

               [,1] [,2] [,3] [,4] [,5] [,6]
 [1,]  0.000000e+00    0    0    0    0    0
 [2,] 4.940656e-324    0    0    0    0    0
 [3,]  1.000000e+00    0    0    0    0    0
 [4,]  0.000000e+00    0    0    0    0    0
 [5,]  0.000000e+00    0    0    0    0    0
 [6,]  0.000000e+00    0    0    0    0    0
 [7,]  0.000000e+00    0    0    0    0    0
 [8,]  0.000000e+00    0    0    0    0    0
 [9,]  0.000000e+00    0    0    0    0    0
[10,]  0.000000e+00    0    0    0    0    0
[11,]  0.000000e+00    0    0    0    0    0
[12,]  0.000000e+00    0    0    0    0    0
[13,]  0.000000e+00    0    0    0    0    0

, , 6

      [,1] [,2] [,3] [,4] [,5] [,6]
 [1,]    0    0    0    0    0    0
 [2,]    0    0    0    0    0    0
 [3,]    0    0    0    0    0    0
 [4,]    0    0    0    0    0    0
 [5,]    0    0    0    0    0    0
 [6,]    0    0    0    0    0    0
 [7,]    0    0    0    0    0    0
 [8,]    0    0    0    0    0    0
 [9,]    0    0    0    0    0    0
[10,]    0    0    0    0    0    0
[11,]    0    0    0    0    0    0
[12,]    0    0    0    0    0    0
[13,]    0    0    0    0    0    0


Slot "sampleSignatureDistribution":
      [,1]          [,2] [,3]      [,4]       [,5]      [,6]       [,7]
 [1,]    0  0.000000e+00    0 0.0000000 0.00000000 0.0000000 0.00000000
 [2,]    0  0.000000e+00    0 0.0000000 0.00000000 0.6653434 0.00000000
 [3,]    0 4.940656e-324    1 0.0000000 0.00000000 0.0000000 0.00000000
 [4,]    0  0.000000e+00    0 0.9890458 0.01095423 0.0000000 0.00000000
 [5,]    0  0.000000e+00    0 0.9747218 0.02527824 0.0000000 0.00000000
 [6,]    0  1.000000e+00    0 0.0000000 0.00000000 0.0000000 0.00000000
 [7,]    0  2.187912e-34    0 0.0000000 0.00000000 0.0000000 0.00000000
 [8,]    0  0.000000e+00    0 0.0000000 0.00000000 0.0000000 0.00000000
 [9,]    1  0.000000e+00    0 0.0000000 0.00000000 0.0000000 0.00000000
[10,]    0  0.000000e+00    0 0.0000000 0.00000000 0.0000000 0.09910831
           [,8]       [,9] [,10] [,11] [,12]     [,13]
 [1,] 0.0000000 0.00000000     1     0     0 0.0000000
 [2,] 0.3346566 0.00000000     0     0     0 0.0000000
 [3,] 0.0000000 0.00000000     0     0     0 0.0000000
 [4,] 0.0000000 0.00000000     0     0     0 0.0000000
 [5,] 0.0000000 0.00000000     0     0     0 0.0000000
 [6,] 0.0000000 0.00000000     0     0     0 0.0000000
 [7,] 0.0000000 0.00000000     0     1     0 0.0000000
 [8,] 0.0000000 0.00000000     0     0     1 0.0000000
 [9,] 0.0000000 0.00000000     0     0     0 0.0000000
[10,] 0.0000000 0.09269776     0     0     0 0.8081939

Slot "loglikelihood":
[1] 4.440892e-16

Slot "type":
[1] "independent"

Slot "flankingBasesNum":
[1] 5

Slot "transcriptionDirection":
[1] TRUE

Slot "possibleFeatures":
[1] 6 4 4 4 4 2

